4 16 31250 13
4 16 31250 11
4 16 78125 9
4 16 78125 9
4 16 125000 9
4 16 62500 5
4 16 125000 1
4 4 15625 7
4 16 62500 15
4 16 31250 9
4 16 78125 4
4 16 78125 6
4 16 62500 8
4 4 15625 6
4 16 31250 13
4 16 31250 12
4 16 31250 9
4 16 78125 8
4 16 31250 17
4 16 156250 9
4 16 78125 8
4 4 15625 9
4 16 125000 9
4 16 125000 11
4 16 156250 10
4 4 156250 13
4 4 15625 7
4 4 31250 1
4 16 125000 9
4 16 62500 12
4 4 15625 13
4 16 31250 4
4 16 31250 14
4 16 62500 6
4 16 31250 13
4 4 15625 11
4 16 78125 37
4 16 78125 7
4 16 62500 1
4 4 15625 7
4 16 78125 8
4 16 125000 6
4 16 125000 9
4 16 78125 8
4 16 125000 5
4 4 15625 11
4 16 62500 6
4 16 31250 13
4 16 31250 17
4 16 31250 9
4 16 62500 15
4 16 14648 7
4 4 15625 12
4 4 31250 17
4 16 31250 17
4 16 62500 7
4 16 39062 12
4 16 31250 15
4 4 62500 11
4 16 78125 17
4 16 78125 6
4 4 125000 0
4 16 156250 5
4 16 78125 12
4 16 31250 7
4 16 31250 13
4 4 15625 13
4 16 125000 10
4 16 31250 13
4 4 31250 4
4 16 125000 9
4 16 39062 16
4 16 78125 5
4 16 62500 6
4 16 31250 11
4 4 15625 12
4 4 15625 7
4 16 39062 20
4 4 15625 7
4 16 31250 13
4 16 31250 13
4 16 62500 6
4 16 39062 8
4 16 156250 9
4 4 15625 7
4 16 125000 1
4 16 125000 4
4 16 31250 12
4 16 31250 13
4 16 125000 9
4 16 312500 8
4 16 15625 1
4 16 156250 12
4 16 78125 7
4 4 15625 7
4 16 39062 13
4 16 62500 5
4 16 312500 6
4 16 125000 9
4 16 31250 13
4 4 31250 4
4 16 39062 30
4 16 39062 16
4 16 31250 1
4 4 15625 9
4 4 31250 4
4 8 125000 9
4 16 31250 5
4 16 31250 5
4 16 31250 10
4 16 78125 17
4 16 78125 10
4 4 15625 7
4 16 39062 17
4 16 39062 18
4 16 31250 13
4 4 125000 9
4 16 125000 4
4 16 125000 9
4 16 31250 13
4 16 125000 9
4 4 31250 1
4 16 156250 8
4 16 62500 1
4 4 15625 7
4 16 14648 5
4 16 31250 13
