4 16 125000 11
4 4 62500 20
4 16 125000 8
4 16 125000 9
4 16 78125 7
4 16 39062 11
4 4 125000 0
4 16 78125 7
4 16 78125 15
4 16 125000 10
4 16 39062 14
4 16 39062 8
4 16 125000 1
4 16 125000 9
4 16 39062 14
4 16 39062 12
4 16 78125 8
4 16 78125 10
4 16 125000 9
4 16 125000 9
4 4 62500 10
4 16 58593 7
4 16 312500 5
4 16 31250 19
4 16 31250 18
4 16 78125 4
4 16 125000 7
4 16 31250 19
4 16 39062 7
4 16 78125 9
4 4 156250 15
4 16 125000 9
4 16 39062 5
4 4 78125 13
4 16 125000 9
4 16 125000 9
4 16 125000 9
4 16 39062 11
4 4 15625 6
4 16 125000 9
4 16 78125 10
4 16 58593 7
4 16 39062 11
4 16 78125 6
4 16 125000 9
4 16 125000 1
4 16 62500 5
4 16 125000 9
4 16 78125 9
4 16 78125 9
4 16 14648 12
4 16 78125 8
4 16 125000 11
4 16 78125 18
4 16 58593 11
4 16 125000 17
4 4 125000 9
4 16 125000 8
4 16 125000 9
4 16 125000 9
4 16 39062 13
4 16 125000 9
4 16 39062 6
