4 16 125000 8
4 16 15625 4
4 16 125000 9
4 16 125000 8
4 16 125000 9
4 16 125000 10
4 16 312500 7
4 16 15625 7
4 16 39062 14
4 16 15625 4
4 16 125000 9
4 16 125000 9
4 16 125000 10
4 16 15625 5
4 16 39062 8
4 16 125000 7
4 16 125000 9
4 16 39062 16
4 16 125000 6
4 16 31250 10
4 4 78125 12
4 16 15625 6
4 16 15625 4
4 16 39062 17
4 16 39062 5
4 16 125000 8
4 16 125000 9
4 16 78125 6
4 16 15625 6
4 16 78125 17
4 16 125000 11
4 16 78125 7
4 16 15625 5
4 16 125000 9
4 16 125000 9
4 16 62500 7
4 16 31250 8
4 16 78125 13
4 16 125000 9
4 16 312500 10
4 16 125000 13
4 16 15625 6
4 16 39062 13
4 16 125000 9
4 16 15625 6
4 16 312500 14
4 16 312500 13
4 16 39062 12
4 16 125000 9
4 2 78125 8
4 16 15625 5
4 16 39062 17
4 16 125000 8
4 4 15625 6
4 16 15625 4
4 16 125000 9
4 16 125000 9
4 16 125000 9
4 16 312500 9
4 16 15625 6
4 16 39062 19
4 16 125000 9
4 16 15625 4
4 16 78125 17
4 16 78125 13
4 16 125000 9
4 16 78125 7
4 16 78125 13
4 4 78125 8
4 16 15625 5
4 16 78125 10
4 16 78125 1
4 16 15625 3
4 16 78125 1
4 16 39062 9
4 16 125000 9
4 16 15625 6
4 16 39062 9
4 16 125000 9
4 16 15625 6
4 16 78125 9
4 16 15625 4
4 16 125000 9
4 16 312500 11
4 16 125000 9
4 16 125000 9
4 16 62500 6
4 16 125000 9
4 16 15625 4
4 16 31250 20
4 16 39062 11
