4 16 78125 7
4 4 156250 5
4 16 125000 1
4 16 78125 5
4 16 125000 9
4 16 39062 9
4 16 125000 9
4 4 78125 9
4 16 125000 11
4 4 15625 17
4 16 125000 12
4 16 125000 5
4 16 125000 1
4 16 31250 9
4 16 125000 9
4 16 78125 11
4 16 125000 7
4 16 125000 9
4 16 31250 9
4 16 125000 5
4 16 125000 5
4 16 125000 9
4 16 78125 8
4 4 15625 14
4 16 39062 11
4 16 39062 7
4 16 125000 9
4 4 15625 5
4 16 125000 5
4 16 78125 11
4 16 125000 9
4 4 78125 13
4 16 15625 12
4 16 39062 11
4 16 62500 12
4 16 62500 11
4 16 125000 9
4 16 31250 6
4 16 125000 1
4 16 125000 7
4 16 125000 9
4 16 14648 8
4 16 15625 8
4 4 15625 15
4 16 125000 9
4 16 125000 9
4 4 62500 12
4 16 39062 8
4 16 125000 9
4 16 78125 8
4 16 125000 9
4 16 125000 9
4 16 31250 13
4 16 15625 7
4 16 125000 9
4 16 39062 9
4 16 31250 11
4 16 14648 1
4 16 125000 9
4 16 78125 8
4 16 125000 9
4 16 39062 50
4 16 31250 25
4 16 39062 8
4 16 125000 9
4 16 125000 9
4 16 39062 11
4 16 125000 9
4 16 31250 9
4 4 15625 10
4 16 62500 7
4 16 125000 9
4 16 39062 11
