4 16 125000 5
4 4 31250 1
4 16 125000 9
4 16 125000 7
4 16 125000 7
4 16 62500 14
4 16 125000 9
4 16 125000 8
4 16 62500 6
4 16 39062 8
4 16 125000 7
4 16 14648 7
4 16 125000 9
4 16 31250 8
4 16 125000 7
4 16 15625 6
4 16 125000 23
4 16 62500 19
4 16 15625 13
4 16 15625 8
4 16 125000 9
4 16 125000 8
4 16 78125 6
4 16 125000 6
4 16 62500 5
4 16 125000 5
4 4 62500 13
4 16 125000 9
4 4 15625 7
4 16 78125 1
4 16 31250 14
4 16 125000 9
4 4 156250 8
4 4 125000 12
4 16 125000 7
4 16 15625 10
4 4 15625 7
4 16 125000 6
4 16 125000 7
4 16 31250 9
4 16 62500 5
4 16 62500 12
4 16 133928 24
4 16 125000 9
4 4 78125 9
4 16 58593 7
4 4 15625 9
4 16 31250 18
4 16 156250 8
4 4 156250 5
4 4 15625 8
4 16 125000 13
4 16 125000 9
4 16 31250 9
4 16 125000 9
4 16 125000 1
4 4 15625 7
4 4 15625 13
4 16 125000 5
4 4 250000 1
4 16 31250 13
4 16 62500 2
4 16 78125 11
4 16 39062 12
4 16 14648 2
4 16 62500 6
4 16 125000 6
4 256 125000 10
4 16 125000 15
4 4 78125 11
4 16 78125 11
4 16 78125 9
4 4 15625 7
4 8 39062 11
4 4 31250 8
4 16 125000 9
4 16 62500 12
4 4 20833 10
4 16 78125 14
4 16 125000 8
4 4 125000 4
4 16 125000 6
4 16 125000 9
4 16 125000 9
4 16 31250 11
4 16 125000 9
4 16 125000 9
4 16 31250 10
4 16 312500 7
4 16 78125 9
4 16 125000 7
4 4 78125 13
4 16 78125 16
4 16 78125 6
4 4 15625 7
4 4 125000 0
4 16 39062 7
4 16 62500 6
4 16 125000 1
4 16 31250 15
4 16 125000 9
4 16 125000 8
4 16 15625 7
4 16 156250 9
4 16 156250 9
4 16 31250 13
4 4 15625 7
4 16 62500 5
4 4 125000 5
4 4 125000 8
4 4 125000 8
4 16 125000 7
4 4 125000 7
4 4 156250 9
4 4 15625 8
4 16 78125 5
4 16 31250 9
4 16 125000 8
4 16 31250 5
4 16 31250 20
4 16 78125 14
4 16 125000 8
4 16 78125 23
4 4 15625 11
4 16 125000 7
4 4 15625 12
4 16 125000 7
4 4 15625 7
4 16 78125 8
4 16 125000 9
4 16 125000 5
4 16 62500 5
