4 16 62500 6
4 4 125000 0
4 16 78125 7
4 16 125000 9
4 4 125000 0
4 16 31250 8
4 16 976 5
4 16 125000 1
4 16 39062 9
4 16 125000 1
4 4 62500 9
4 4 15625 7
4 4 31250 4
4 16 125000 9
4 16 39062 8
4 16 125000 9
4 4 31250 4
4 16 125000 9
4 4 15625 16
4 16 31250 1
4 16 125000 1
4 16 39062 13
4 16 78125 8
4 16 31250 9
4 16 78125 7
4 16 125000 9
4 4 62500 7
4 16 78125 10
4 16 39062 8
4 16 78125 12
4 16 125000 8
4 16 78125 6
4 16 125000 9
4 4 15625 13
4 4 31250 1
4 4 15625 14
4 16 125000 1
4 4 15625 7
4 16 31250 13
4 4 31250 4
4 16 125000 9
4 4 31250 4
4 16 78125 9
4 16 125000 9
4 4 15625 8
4 16 125000 9
4 4 15625 7
4 16 125000 8
4 16 125000 9
4 16 125000 9
4 4 15625 8
4 16 78125 7
4 16 125000 15
4 16 125000 1
4 4 15625 7
4 16 125000 9
4 4 50000 1
4 16 125000 9
4 4 156250 5
4 16 31250 1
4 4 15625 8
4 4 31250 4
4 8 125000 9
4 16 125000 9
4 16 39062 4
4 4 15625 20
4 16 125000 9
4 16 125000 9
4 16 15625 5
4 16 125000 7
